TIME0  = 0.0
TIME1  = 2.0
NSTEPS = PATATA
X0     = 1.0116709635
Y0     = 0.00
VX0    = 0.0
VY0    = 6.179192501
NRUNS  = 100
